196 -245
207 -242
219 -239
231 -235
243 -229
253 -225
262 -217
267 -212
271 -206
275 -201
277 -196
278 -189
278 -185
278 -181
278 -178
277 -174
277 -171
275 -169
274 -167
271 -164
269 -161
267 -159
263 -155
259 -154
255 -152
251 -151
246 -149
242 -149
235 -148
231 -148
227 -148
222 -148
219 -150
217 -148
214 -145
212 -148
207 -148
200 -148
195 -148
190 -149
185 -149
179 -149
171 -149
163 -149
158 -148
156 -150
158 -151
158 -157
158 -161
158 -166
159 -171
159 -176
159 -180
161 -186
162 -189
163 -192
164 -195
166 -197
168 -199
170 -201
172 -202
174 -203
176 -204
179 -205
181 -205
185 -205
187 -205
189 -205
195 -205
198 -204
202 -203
205 -201
210 -200
212 -197
214 -195
217 -192
221 -189
225 -187
227 -185
227 -183
227 -183
229 -183
229 -181
231 -178
231 -175
231 -173
231 -173
231 -169
229 -165
228 -161
226 -157
224 -154
222 -153
210 -141
208 -140
203 -135
199 -129
200 -125
205 -125
209 -125
213 -125
217 -125
221 -125
225 -125
230 -125
235 -125
241 -125
243 -125
246 -125
253 -125
257 -125
261 -125
264 -125
268 -125
272 -125
275 -125
278 -125
281 -125
283 -125
286 -126
288 -126
293 -127
295 -127
296 -128
300 -129
302 -129
304 -130
307 -131
311 -132
314 -134
317 -135
320 -138
322 -139
325 -143
327 -145
329 -147
331 -150
335 -155
337 -159
340 -160
340 -160
341 -162
342 -166
342 -167
342 -170
342 -173
342 -177
342 -179
342 -182
341 -185
341 -191
341 -193
339 -199
339 -203
337 -205
337 -208
336 -211
335 -214
335 -215
333 -216
332 -218
331 -219
329 -221
327 -224
327 -225
325 -227
323 -229
320 -231
319 -233
317 -234
315 -236
313 -237
311 -239
309 -241
307 -242
305 -243
303 -245
301 -247
299 -247
297 -248
294 -249
291 -251
287 -252
284 -252
281 -253
276 -254
272 -255
267 -257
263 -258
259 -259
253 -259
249 -261
244 -261
239 -262
233 -263
226 -264
220 -265
211 -266
205 -268
200 -269
192 -269
187 -269
182 -270
176 -270
170 -271
165 -271
159 -271
152 -271
145 -271
137 -271
135 -271
130 -271
124 -271
120 -271
115 -271
111 -271
107 -271
103 -270
99 -270
95 -269
91 -269
87 -269
83 -268
81 -267
76 -267
73 -265
71 -265
68 -264
66 -263
63 -263
61 -262
59 -261
58 -259
57 -259
54 -257
53 -255
51 -253
50 -253
49 -251
46 -247
45 -246
43 -244
41 -241
39 -239
37 -236
35 -234
35 -233
34 -231
32 -229
31 -226
30 -223
28 -220
27 -218
25 -215
24 -212
23 -209
21 -205
20 -202
19 -199
17 -197
16 -195
14 -191
13 -189
11 -186
9 -182
8 -179
7 -175
5 -172
5 -171
1 -165
-2 -159
-3 -157
-7 -151
-9 -148
-11 -145
-13 -142
-15 -139
-17 -137
-19 -135
-21 -133
-23 -131
-25 -129
-27 -129
-29 -128
-31 -127
-33 -126
-37 -125
-39 -124
-42 -124
-45 -124
-47 -124
-51 -124
-54 -125
-57 -125
-60 -125
-63 -125
-67 -125
-67 -128
-71 -130
-73 -127
-72 -125
-77 -125
-79 -125
-85 -125
-93 -125
-97 -126
-102 -126
-105 -127
-109 -127
-113 -127
-117 -127
-120 -128
-124 -128
-127 -129
-131 -129
-136 -130
-139 -131
-143 -132
-146 -133
-150 -134
-155 -135
-159 -136
-162 -137
-165 -139
-165 -143
-169 -140
-168 -136
-168 -133
-170 -128
-171 -123
-173 -119
-173 -114
-175 -106
-175 -103
-175 -99
-175 -93
-174 -90
-173 -87
-171 -84
-169 -81
-167 -79
-166 -77
-163 -75
-161 -73
-157 -72
-155 -71
-151 -70
-147 -69
-141 -69
-137 -69
-134 -69
-130 -69
-127 -69
-124 -69
-120 -68
-117 -70
-115 -72
-110 -76
-103 -81
-98 -87
-93 -93
-91 -97
-85 -103
-82 -107
-79 -111
-77 -115
-76 -119
-64 -121
-61 -116
-60 -111
-58 -107
-57 -101
-55 -96
-53 -92
-51 -86
-49 -79
-46 -74
-44 -70
-43 -67
-41 -65
-39 -63
-37 -61
-33 -58
-31 -55
-28 -54
-25 -54
-23 -53
-20 -53
-16 -53
-13 -53
-10 -53
-7 -53
-5 -53
-1 -53
3 -53
6 -53
11 -53
13 -54
17 -55
21 -55
25 -56
29 -58
32 -59
35 -61
39 -62
41 -65
44 -67
47 -70
49 -72
51 -76
53 -79
55 -83
57 -87
59 -91
60 -95
62 -99
61 -100
63 -105
64 -109
65 -113
71 -113
72 -111
74 -108
77 -105
79 -101
82 -99
86 -96
91 -93
91 -91
89 -89
87 -85
85 -83
84 -80
82 -80
81 -79
78 -76
75 -73
73 -70
70 -67
67 -64
65 -61
62 -58
59 -56
56 -52
53 -49
50 -47
47 -44
44 -41
41 -39
39 -38
37 -37
35 -35
33 -34
31 -33
29 -32
25 -29
23 -29
22 -28
18 -27
16 -26
13 -25
10 -25
8 -24
5 -23
2 -23
-1 -23
-4 -22
-7 -22
-10 -22
-15 -22
-21 -22
-24 -22
-27 -22
-31 -22
-35 -23
-39 -23
-41 -23
-45 -24
-49 -25
-53 -25
-57 -25
-61 -26
-65 -27
-69 -27
-73 -27
-77 -28
-80 -28
-83 -28
-85 -29
-89 -29
-91 -29
-95 -29
-97 -29
-99 -29
-102 -29
-105 -29
-108 -29
-111 -29
-114 -30
-116 -31
-121 -31
-123 -32
-126 -33
-128 -33
-131 -33
-132 -33
-134 -34
-136 -35
-138 -35
-139 -36
-141 -36
-143 -36
-144 -37
-146 -37
-147 -38
-149 -39
-151 -39
-152 -40
-153 -41
-155 -41
-157 -42
-158 -42
-159 -43
-160 -43
-161 -44
-162 -45
-163 -45
-163 -45
-164 -45
-165 -46
-166 -47
-196 -61
-197 -59
-200 -55
-202 -53
-204 -51
-207 -49
-209 -47
-211 -45
-213 -43
-215 -43
-217 -42
-219 -42
-223 -42
-225 -41
-231 -41
-234 -42
-236 -43
-241 -45
-244 -47
-247 -51
-251 -53
-255 -56
-259 -59
-263 -62
-266 -64
-271 -67
-275 -72
-279 -75
-282 -79
-288 -85
-291 -89
-293 -94
-295 -97
-298 -103
-299 -105
-301 -110
-302 -112
-303 -114
-304 -117
-304 -119
-305 -123
-305 -127
-306 -131
-306 -134
-306 -141
-306 -144
-304 -148
-302 -151
-299 -153
-297 -155
-295 -156
-292 -158
-289 -158
-287 -159
-284 -159
-280 -159
-278 -159
-274 -159
-269 -159
-264 -159
-258 -159
-254 -159
-253 -158
-249 -159
-245 -158
-240 -157
-235 -157
-230 -156
-224 -154
-219 -153
-214 -153
-211 -152
-207 -151
-203 -149
-197 -147
-190 -146
-186 -145
-182 -144
-180 -144
-178 -143
-181 -141
-181 -137
-182 -133
-183 -130
-183 -126
-183 -123
-183 -120
-183 -116
-183 -111
-183 -107
-184 -103
-184 -99
-185 -95
-185 -92
-186 -89
-187 -85
-188 -80
-189 -77
-191 -72
-192 -69
-194 -65
-243 -109
-243 -109
-243 -109
-243 -109
-243 -109
-243 -109
-243 -109
-243 -110
-245 -115
-247 -118
-249 -127
-252 -136
-253 -143
-253 -148
-253 -153
-253 -164
-253 -168
-253 -174
-253 -174
-253 -181
-251 -185
-249 -190
-246 -196
-245 -198
-240 -203
-239 -205
-237 -207
-235 -210
-231 -213
-227 -215
-223 -217
-219 -217
-214 -219
-210 -219
-206 -219
-202 -219
-197 -219
-195 -217
-191 -216
-187 -214
-183 -210
-180 -207
-175 -203
-172 -199
-169 -195
-167 -192
-165 -187
-165 -183
-163 -179
-160 -178
-158 -179
-156 -181
-153 -182
-151 -183
-148 -185
-144 -186
-141 -187
-138 -188
-135 -189
-131 -190
-128 -191
-126 -191
-124 -191
-121 -191
-119 -191
-115 -190
-113 -190
-109 -189
-107 -189
-104 -188
-101 -187
-99 -186
-97 -185
-95 -184
-93 -182
-89 -179
-89 -177
-86 -175
-84 -171
-83 -169
-81 -165
-79 -162
-77 -158
-75 -153
-73 -147
-71 -142
-67 -143
-69 -137
-70 -137
-68 -133
-64 -151
-63 -158
-61 -163
-57 -169
-55 -178
-52 -186
-48 -191
-43 -200
-38 -207
-33 -213
-28 -220
-24 -224
-20 -228
-15 -231
-11 -234
-3 -238
3 -241
9 -242
13 -243
17 -243
21 -243
23 -242
27 -240
29 -239
31 -237
37 -231
39 -227
41 -223
44 -217
45 -213
47 -212
47 -209
48 -207
49 -203
51 -199
51 -193
53 -189
55 -183
55 -178
56 -174
57 -170
57 -167
58 -166
59 -161
59 -157
60 -153
58 -151
59 -149
61 -150
61 -147
62 -147
63 -145
63 -143
64 -143
65 -141
65 -139
64 -137
66 -136
66 -133
65 -132
66 -129
66 -127
66 -125
67 -123
68 -119
66 -119
51 -109
47 -113
43 -118
39 -123
36 -128
34 -131
32 -135
31 -138
29 -141
28 -144
27 -146
27 -149
27 -151
27 -153
27 -157
29 -159
32 -160
37 -163
41 -165
47 -167
49 -165
50 -167
50 -161
51 -158
53 -156
56 -153
63 -167
69 -167
77 -167
83 -166
88 -163
94 -162
101 -160
107 -157
115 -157
126 -155
133 -154
139 -153
149 -151
159 -143
159 -139
159 -136
160 -133
161 -130
163 -127
163 -125
164 -125
166 -125
165 -123
167 -119
169 -117
171 -115
173 -113
175 -110
177 -108
179 -106
181 -103
183 -101
184 -99
185 -96
187 -93
187 -91
188 -88
189 -84
189 -81
189 -77
189 -73
189 -71
189 -67
187 -64
185 -61
183 -59
181 -57
179 -55
176 -54
172 -52
170 -51
166 -51
161 -51
158 -50
154 -50
151 -50
147 -50
144 -50
141 -50
137 -51
135 -51
131 -52
126 -55
122 -57
114 -60
109 -63
104 -66
99 -69
93 -73
88 -77
79 -84
71 -90
67 -93
56 -103
93 -94
95 -91
101 -89
105 -87
113 -86
117 -86
125 -86
131 -86
138 -86
144 -87
150 -91
155 -93
165 -97
169 -101
175 -105
180 -111
188 -117
193 -123
195 -125
189 -125
182 -125
178 -125
174 -125
171 -125
158 -125
154 -125
150 -125
147 -125
143 -125
139 -125
136 -125
132 -125
129 -125
127 -125
123 -124
121 -123
119 -123
118 -121
115 -119
114 -118
113 -116
110 -114
109 -112
107 -110
105 -108
103 -105
101 -102
98 -101
96 -98
45 -171
43 -174
43 -180
43 -185
43 -189
43 -194
43 -199
44 -204
48 -215
49 -219
51 -225
54 -229
55 -231
57 -234
61 -237
65 -241
69 -244
72 -247
75 -249
80 -251
84 -252
90 -253
98 -253
107 -253
117 -253
127 -253
139 -252
153 -251
167 -251
174 -249
-162 -175
-163 -175
-165 -174
-166 -173
-168 -171
-170 -170
-173 -165
-174 -162
-175 -159
-177 -156
-179 -152
-179 -148
-173 -141
-163 -149
-163 -154
-163 -159
-163 -164
-163 -169
